44857924
44743692
44724545
41003332
44857715
44857657
44245863
34017492
44588468
44845144
44315439
44198811
44818916
44677660
44841786
44825022
44683950
44788898
44845624
44824208
44844852
44582179
42207226
44824628
42786419
44487856
44806075
44856833
44783891
44856747
44719467
44796649
43991493
44701283
44836884
42746656
44613446
28923546
42084024
44582035
39722407
43432712
44521496
43698375
44038321
44680485
44789431
44716816
44855701
44825528
44342259
44591704
44824099
44755592
44855442
44855428
44126376
44845664
41005124
42671622
44361465
43397549
44770564
44826854
44850908
44855179
42763914
44855143
44210182
44771155
43702942
44729953
44407020
44286993
44851981
44767246
44823434
43360905
44854820
44839505
44656715
42603817
44846275
44710518
44854603
44633466
44844709
44838895
43348568
44846228
44792792
44522316
44780494
43916626
44846459
44854318
44854305
44634825
44219364
44854234
43195112
43937645
39055928
44780451
44742299
44424794
43498303
44623024
44781327
44781033
44303665
44566953
44227386
44769455
42554605
44800153
44853135
44853819
44711231
44840009
44845648
44791640
44853743
44723733
44853702
44849697
44489373
44853543
44799817
44778208
44536249
44580935
44221184
44839618
44853077
41180779
44814579
42761009
44704359
43874062
44704207
44822143
44757639
44841036
44374996
44852667
43734508
39946209
43921868
42213663
42938405
43865358
42969975
44729247
43998739
23948214
44082319
43808260
44849606
44730229
44852389
43846038
34368567
43389555
44814085
44852196
43953888
44753423
44021650
43946422
42979161
44640758
42604766
44827922
44814708
40227843
44834930
44851606
44238003
44851525
44024453
44431999
44837175
44633476
33734356
43208700
44850951
44754924
44810911
41762233
44850724
44822411
44231764
44227216
44850375
43957579
43501184
44263551
39993461
42381497
44849894
43917691
44849775
44849731
43763673
44849687
44788026
44678951
44789921
44849527
44780972
44056529
42960756
44825403
44849288
44298788
40141308
44818349
44146950
44645939
42834168
42104836
44848904
44667648
43918004
43082998
44693892
44826658
44563207
44803929
44166227
44841845
44842192
44840130
44262940
44694878
44790572
39414555
41094269
44806467
44749258
44745332
44667151
42857776
44495143
44603314
44549031
44693252
37920615
44833876
44702889
43739497
44780311
44845269
44281070
44830357
44810695
44450484
44673689
44451478
44667699
44823199
44447144
44846281
44214406
44846158
44045886
44771840
43768302
44846001
44660145
44836481
44725095
44845508
44586605
44845481
44840296
44822651
43549945
44814541
44581561
44761256
44845038
40946637
44542533
44725749
44844702
44569500
44335620
44576308
44844231
44844195
39332198
44826858
44755109
44418615
40153983
44264619
44843264
44843202
44611553
44843192
44659928
44672696
44523862
44755922
37347305
44830626
44842996
44505889
44645653
44786433
41114022
38809002
44362386
43370995
44149777
44725734
44351427
42459631
44781813
44776220
44842326
43313853
44668255
44079349
44841988
44841330
44841920
42787044
42961237
44841656
41317388
44840888
44841233
42895181
44723035
44732077
44782093
44778579
44225207
43522505
44840826
44840592
44740589
44840366
44840340
42960204
44740660
44804495
44840091
44699805
44516778
44839989
44822358
44839900
40813376
44839791
44741620
44839635
44759311
44839427
41731323
44839334
44839322
44540978
40465470
44839143
44839104
44187380
44087762
44824689
42908190
44835655
44605702
44834728
44838571
44838558
44832105
44781870
44682890
44836619
44822004
44764810
43821086
44837640
44837517
44837508
44837505
44837361
44835552
44788226
44774314
44836943
44837014
44823003
44775547
44814688
44787290
44836398
44769121
44762107
44835938
44597360
42359070
44729887
41162104
44786208
44835639
44314240
44835421
44835320
44835178
44081595
44835012
44350146
44815996
44834623
43542793
43653874
44834108
43932353
44711773
44833770
44833623
44833327
44753185
44527697
44833085
44833035
44832938
44832883
43385390
44832722
44459494
44399383
43435345
44832419
44399094
44553338
44294980
44827814
44832026
44831997
44831967
44689804
44831931
44831895
44831876
43346700
44831750
44716474
44831215
44729627
43205351
44809700
44826648
43401770
44708291
44830439
44816930
44683341
44830258
44789091
44789085
42372059
44663404
44830015
44660571
44828830
44829222
44563349
44175404
44810318
44827950
44802487
44827581
44824363
44827455
44827398
44505325
44399737
44635886
44745785
44826426
43613329
44826575
44687189
44826051
44313954
44825659
44825583
44825572
44825530
44825108
44673054
44744852
44823293
44824566
44816192
44693996
44065415
44709300
44763255
44823878
44823301
44308028
43760289
44552923
44727368
44729906
44661659
44822632
44498848
44822392
44822315
44822267
44822088
44822023
44821802
44821800
44688648
44821714
44821685
44718772
44605213
44730083
44821441
44464697
44821170
44336471
44820986
44807875
44466119
44820342
42962292
44819706
43807127
44802666
44146695
44818818
44817844
44615659
42518992
44498034
44792113
44816576
44816786
44816704
44816700
44816686
44816603
44816601
42948439
44795716
44607019
44816227
44155496
43767871
43944538
44815676
43578983
44370030
44424159
44814979
44815121
44814993
44745651
44814622
44814431
44751757
44814081
44150789
44813866
44813795
44813769
44773128
44562129
44813071
44812655
44812642
43936630
38009698
44806214
41134985
44812213
44812144
43658547
44812069
43373221
44811832
44811661
44811564
44811355
44811301
42813811
44811054
43483229
44673739
44810936
44750748
40795252
44810400
44473243
44810120
43270268
44809966
44705236
44809731
44809674
44806834
43460485
44789132
44719010
44741031
44711931
44335084
44706535
44808939
44596319
44807989
44806749
44680378
44804757
44807211
44714451
44806836
44722704
44806426
44806356
43705787
44745724
44805823
44805521
44805465
44805461
44765612
44194728
44805162
44805146
44728276
44706176
44803696
44803281
44617022
44803353
42076386
43373165
44803155
44802880
44802873
44802800
44802789
44802720
44468493
44428424
44781043
44802565
44802370
44802036
44754444
44801479
44801177
44353165
44800729
44303238
44485399
44800348
44328692
44570155
44593818
42560916
44800122
44800079
44789269
44671764
44798392
43897097
44642235
44794749
44690537
44793136
44055868
44499453
44699054
44788345
44791031
44756392
44694365
43443661
44790123
44775424
44687172
44788905
44674994
44756852
44782304
44663141
43179203
44738611
44782703
44782613
44782416
42127590
33655449
44781697
44781055
44753407
44780957
44780760
44544615
42649608
44777794
44777209
44776910
44172458
39962660
33063760
44772299
44771197
44685030
44735523
44552173
44766383
44762621
44514899
44762131
44627562
44760959
40284815
44496956
44759470
44299608
44751798
44751111
43917493
44742836
43011073
44742077
43771587
44739593
44739470
43537217
44738589
41625586
44736256
44735970
42255489
44250436
44857960
44661436
42642005
44850382
44510328
44588146
43941979
44299870
44857635
44857580
44857500
44426246
44745597
44748182
44857336
44847978
44849986
43543461
44857287
44599528
44842660
44643862
39187138
39025009
37044450
44645208
43450874
44845580
42333898
44487309
44794501
40207095
44856533
44856480
43896961
44797016
42261932
44844731
44856256
40833403
41967566
44856115
44856091
42758420
44855903
44425710
44832442
44855740
44855731
44794876
44855659
44825624
25522422
44752948
44769851
35591737
37521842
44601167
44855404
44855356
44750306
43733753
44849921
44855177
44855128
44046546
44855006
44854984
44258544
44504808
44844354
44854855
44854829
44812409
44094948
44854766
44652752
44547439
44854599
44029430
42579028
44813176
44843536
44826846
44382607
44854492
44854476
37194626
44854438
44854430
43460761
33360666
24066548
44714284
36186055
44758482
44781311
44271046
44854311
41830267
44760589
44306898
38518993
44818142
44826255
44818240
43357553
44854162
44830541
44742600
44854138
44647217
43917520
44570344
44635569
33560194
44740139
44739847
44760722
44853944
44815722
44850068
44659049
44832720
44731602
44563806
44559247
44387838
44609596
44821255
42753135
44810423
44710293
43510694
44852081
44853721
44853639
44840181
44833468
44853614
44853608
44706740
44716698
44741316
44853251
44806970
44853205
44818912
44852865
41539377
44500385
44852781
44536156
39924264
42938540
44208436
40476880
44850103
44610590
43938318
44195964
44852376
41261367
40978535
28953579
28791083
44558593
41329892
44852258
44816753
44852139
43991586
38879162
42816556
44851942
44851892
44851823
44817231
43917004
41321553
44851665
44711901
44720915
43893458
43672352
43882656
44851384
44408979
44408541
44780628
42825020
44851295
44851230
44520382
41489849
44825617
44851138
44851067
44445251
44851037
44851027
44850983
44693086
44850932
44827092
44850878
44594264
44669253
44181460
41519920
44669098
44785144
44850573
44400680
44715301
44133726
44738006
44757261
44850290
44801627
44850223
44850180
41738689
44850086
44819228
44694518
44850038
43187124
44803001
44700782
44812560
44813918
44849965
44849953
44388171
44849873
44849844
44628713
44849724
42862305
44849639
44212469
44213235
44213031
44849594
44512109
41981233
44215298
44436817
44849546
44702638
44811336
44653306
44849478
44487504
44849406
44529724
43106034
44505337
43816329
44849292
43257879
44849243
44703230
44266459
42341902
44826796
44849026
44848998
31232278
40801665
44015732
44848741
44198436
43190160
44848638
44848633
44848536
44814337
43355819
44358764
44848463
44817566
44771585
44848438
44848428
44728365
44708623
44817416
44817632
44715857
44636194
44804333
44848104
43981705
44808760
44466714
44848026
42207822
44494651
44832049
44847908
44750151
43666772
44619773
44828514
44727511
44847687
44847652
44835140
44823855
44801410
44790486
42221373
44847505
44642376
44847474
44805467
44830683
44847445
44825575
42936261
44590376
44202290
44711301
44847385
44819606
36909427
42259753
44847329
42861633
43762384
44306571
42300404
44214932
44395629
44363958
44705403
44780306
44847073
44847064
44553802
44830186
44829973
44826680
44829882
44830587
44846783
43533821
44827613
43518498
43992742
43807537
44846495
44761767
44846474
44846464
44813549
44846277
44799709
44673675
41614111
44062690
43520938
44810850
44833991
42986137
44824058
44845902
44845852
44675636
44777577
44845643
44810153
44845610
44845517
44688136
44845443
44002735
44843947
44845380
44845374
44825962
44845347
33685557
44590700
44729163
44432480
44845201
43693966
43102311
39547417
44845103
44816210
44845095
44815416
44845041
44327434
43777949
44688698
44844864
44844839
44816770
44674761
44844818
44556910
44844681
44832338
39792246
40404982
44844327
44665708
43691908
44773530
44683344
41046032
23973364
44737329
42861638
44843887
44843872
44843867
44551437
42514151
44816513
44801000
44843385
39154261
44843322
44592937
44843253
44843163
44806878
44843025
43864102
44843005
43627506
44843003
35389574
41002440
44731553
44842933
44496214
42984138
44842857
44754323
44842803
34158783
37655022
44726853
44842751
44838886
44748798
43766315
44842538
44782792
44815049
44745433
44842334
42793706
44842235
44833413
44624859
41264811
44773347
43800835
26804905
44841753
44841741
44825520
44841706
44841701
44841653
44399133
43992757
38248917
44736515
44689468
44841564
44689671
44841538
43182821
42957375
44610894
44841444
44841408
44840798
44812684
44841372
44841331
44841307
44386431
44841245
43743072
44775213
44841196
44841164
44834633
44781932
44841038
44841015
44840988
44840947
44840916
44840891
44840858
44840818
24604589
44671576
44840669
44342225
39922655
44840628
43923413
44840252
41215446
44780210
44840303
44818322
44775564
43969978
41881250
44783746
44840027
40907957
44783776
44839985
44839967
44839920
44839910
44839826
44839811
42097503
44839625
43764695
44839518
44839364
44194203
44641054
44540151
44768650
42641198
44839229
43561215
44538010
41251885
40966563
44676229
43326518
44774888
44838879
44780472
44838842
44809848
44838636
44838718
44730604
41914263
42747818
44601832
44838499
44824627
44818313
44779542
44838359
44726778
44836635
44826977
43897012
44619328
44433834
44778333
43959714
44837986
44788222
44808434
44820627
44838089
44335982
44398252
44838014
44837973
44097550
44479159
44837876
44837869
42999066
44837805
44837774
44837715
44837630
43976361
44531512
44458853
44837481
44762552
44837442
44577236
44673050
43493367
44837371
44837320
44837260
44837181
44835019
44694620
36195132
44730477
44227004
39137501
42380411
44836779
37766695
41128289
39808125
39150099
44775364
44836608
44802761
44836522
44166916
44836465
44812697
43336803
44814267
43260502
44836130
43618027
44836042
44746041
44753951
44803370
44305693
44835836
44835772
42032007
44835652
44835579
44378767
44835553
44697918
44835499
44835414
44835405
44835379
44835302
44835285
44835127
44774580
44835001
43215359
43702774
39635498
44834709
44834646
44477896
44834580
44780681
44742198
43845182
44834427
44834376
43612822
44807687
44834297
44335976
44834040
44833979
44833933
44765787
44833813
44354775
44641324
44833741
44420987
44833667
44578844
44833582
40932167
43367887
43748939
44833296
44833274
43359492
44833140
44833088
43744669
44833061
44833052
44351775
44832920
44832904
44832853
43841173
44352470
44832760
44832758
44714814
44832680
40373372
44605324
44832647
44369026
44832582
44805388
44832530
44832485
44832422
44816535
44585816
44832078
43173889
44832073
44766206
44832024
44782564
44831841
44236254
44706172
44831802
44831759
44831725
43218083
44418637
44831402
44831382
44831375
44831351
44831300
44831288
43809379
44764533
44831231
44831219
44831206
44693673
44821476
44764888
44677042
44830997
44740348
44740500
44740439
44740550
44740753
44830922
44830885
44818443
44452594
44830764
44830749
44830706
44617101
44830608
43594767
39973795
44685152
44830345
44554565
44673853
44805541
44820550
44789108
44789096
35363792
44789117
44770666
39636137
40424267
44258430
44537418
44350067
44767023
44621458
44829856
43457517
44829809
43112135
44829709
44808854
44829677
44829620
44826087
44825919
44829586
44790937
44149910
44772486
44812792
44549809
44574226
44826160
44344013
44812217
44795877
44234542
44322687
37321720
44829156
44737702
39275314
44810236
44800467
44784986
44828964
44700628
44617325
37360107
44828712
44828673
44828637
43922279
44818089
44000029
43492074
44828352
44674435
44753200
40211326
44828101
44828082
43573256
42907054
44823291
44827893
44827472
44185087
41973784
44693266
44327549
44688638
44827582
44826603
44827506
44827466
44827417
43485458
38705057
44816865
44827283
44821071
44763752
44819609
43911561
44827000
44725330
44748792
44826911
44826888
44826872
43282390
44826828
44826818
44804615
44826630
44826629
44488836
44826600
44826529
44762740
44826504
44362429
44826450
44826414
40947171
44826396
44644887
44822568
44826274
44826209
44728856
44826020
44825574
44748663
44826008
44825993
42386661
44825918
44825857
44271806
43478489
44703328
44825778
44689959
44721118
44825588
44825571
44587604
44825537
44824819
44825351
43433064
44597553
44694790
44825165
44791919
44811606
44500995
44825054
43943073
44825008
44209476
35979289
43773901
43774251
44824937
44818126
44824528
44375741
38843702
34579915
35651155
44824289
41148908
43116650
44824189
44824105
43912575
44313403
44801940
44760516
44417425
44770496
44823848
44741728
44770934
44790107
44800843
44823806
44770783
44823746
44823729
43202435
43592694
43022669
44733634
44823326
44823324
44823316
44823254
44823227
44690133
44823185
44823168
44726624
44820849
44385537
44803832
29230880
44822862
44822727
44822725
43980363
44822590
44822483
44393912
44822114
44665020
44821906
44479001
44821853
44761878
44821737
44821734
44821724
42312682
44821652
43655675
39033603
44821532
44821523
44821425
44821400
44821384
44821331
41609137
43177552
44820957
44821173
44504645
44821118
44494347
44821091
43581943
44821030
44214971
44494281
44099694
42933078
44800620
40978392
38636436
42140855
43840365
44820771
44764966
44431261
44820620
44818871
44085617
44545991
39356340
44411891
44680529
44820318
44820289
44820251
44820245
44671601
44756289
43256792
42168139
44820083
44820067
44820026
44554099
44819853
43764995
44696833
43970643
44696800
44819647
44803250
44218098
44803010
44788307
43299174
44657501
44819248
44739317
44819033
44819140
44790000
44803702
44818855
44791199
44818640
44818632
44818620
44495916
44813364
44782236
44043421
43132856
44818364
39946609
44818201
42875851
44552020
42650757
44817921
43379890
44817894
44797078
44637151
39613590
44735547
43912364
44796910
41998876
44817553
44718603
44718688
44817389
44713610
43457220
44817065
44816959
44399185
43282481
44816845
44816833
44816803
44816794
44816740
44681273
44786476
44186302
44816480
43967984
44815114
44816302
35991254
44709426
44712973
44815999
39134944
44634524
42118287
44498778
38663178
44607062
43657088
44815600
44588252
44815497
44815020
44815304
44653894
44815153
44546176
44814965
44685263
44559499
36239983
40630304
40651098
44814876
44678350
44267910
44493439
43248898
43845164
44814477
44793110
44814333
40953476
39511915
44814269
44702971
44814174
43843585
44454150
44704210
44813729
41012899
44813634
44742196
44813554
44745202
44813493
44813313
44813283
44813265
44813255
44812540
44803158
44813175
43323804
44544897
37739578
44812829
44812826
44598147
26467839
44812689
40309520
44812537
39082503
44811932
44752396
41588334
44811997
44811985
41790287
44652133
44811883
44399386
44709309
43084837
44676204
44811770
44811694
44811610
42834289
44811544
44064485
44781378
44507449
44625586
44811234
44306005
44802098
44811025
44289803
44269102
44810974
44810946
44810931
44774210
44810827
43246915
44749720
44810612
44639935
43870966
38861434
44808684
44810474
44741078
33142814
44736696
43281649
44810356
44740913
44486444
42365630
44758177
44810072
44655184
44809909
44809870
44729187
44808487
44720669
44796775
44809746
44794082
44809724
43914518
38311318
42877784
43655054
43476712
44809487
35999817
40787353
44809209
44339782
40770706
44696408
44808798
42794214
44809061
42646475
44808835
44607180
44808628
44649226
44808579
44808560
44808504
44808508
44808494
44808411
43979667
44808339
44675389
44808235
44808188
44791998
44696260
44808031
44808000
43955023
44807904
43893956
43747152
44807479
44858378
42943056
44858101
44761513
37484807
44578729
44577712
44672603
44790717
44765328
43638058
44631647
44499538
44857762
44739357
44739245
44591071
44632119
44857809
44807438
44807436
44807423
44807189
44807121
44803754
43414092
35863607
44746651
28164068
44806875
43917626
44798202
44806816
42959488
44806794
44784993
44806682
44806669
44806597
44806469
44806441
44806418
44806297
44631261
44806243
44806196
44805997
44631519
44605238
44805774
43356348
44805725
44805702
44430502
44805547
44792959
44134693
44740636
44714218
44666370
44090229
44804918
44803091
44805109
44805072
42527084
44804998
44804979
43207470
44804908
44803814
44804679
43782124
44804640
44804557
44804449
44804364
44027026
44804293
44790610
40211819
42927979
44804115
44804088
44804086
44804040
44804018
43671230
44695781
44803799
44803606
44803561
44803416
44803476
44803352
44803347
44614072
44638382
44803236
44803190
44803171
44803143
44803099
44803034
44741888
44739135
44802770
44802686
44802685
44802606
44802340
44802305
44802203
44802037
42063543
44801975
44761304
44620585
44801837
44697773
44444568
44588797
43223769
44791880
36841204
44732404
38770890
42827891
39896407
44801184
44730217
44535732
43959938
42397095
44766763
44786417
44798076
44648686
40761910
44798529
44800673
43530843
44800508
44713336
44800377
44800347
44197861
43696961
43965219
44405123
44800213
44054992
44714417
42609055
44799054
44798936
44798868
44256956
44373326
44706055
44653820
31662747
44588292
29605935
42194206
44756929
44785849
44785572
44796198
44628634
44796128
43937735
44588087
44789333
44689777
44684648
44015424
44781361
44758769
44064910
43197357
44793942
44793307
37858076
44792538
43359749
44617018
32748703
44791619
44611830
44791095
44150332
44658979
43985842
34269897
44790688
43422092
44785689
43918549
44297652
44790075
38413675
44775462
44420298
44353817
44022862
44775235
44771651
44631913
44789131
43811698
44788973
44344331
44783430
44788297
44788250
44384367
44230923
44785403
44787241
44786737
44786729
41708850
44786011
44785888
44785550
44785155
41293122
43605443
40053176
44565869
44423797
44326352
44602006
44783971
43844956
44783854
44783437
44728740
44753599
44783351
44618359
44783173
44783145
44783095
44782987
44782940
44782829
44782118
44782682
44782368
44782321
44076474
44076510
44701109
44781766
44711266
44545057
44688567
44781374
42398245
44781074
44741862
44687889
43917538
44780720
44349862
44780553
43203386
39282669
44780336
44491765
44701514
42396899
39892267
44767008
44776567
43244086
44776254
44775802
44625494
44644876
43476274
44774299
43442832
44643003
44167243
43742259
44728275
44169029
44770269
42815281
44196034
43190387
44766981
44767464
44766778
44766344
43880972
44765673
44671046
44737963
44760924
44743163
44190254
44351767
44756451
44758567
44737294
44759269
44758959
44626012
44746951
41673148
41429744
44756170
44755849
44479813
44433033
44484578
44753710
44098165
44753494
43988383
44752998
44180811
42858096
44751774
44611295
40083882
44750333
44165052
44735194
44439090
44749493
44749262
44748900
44748025
44746295
44745576
44578019
44568341
44519652
44743823
43857334
44738519
44743550
42545724
36227388
41791990
43407176
38868617
44740274
44739950
44696783
43793477
43393145
44737744
44736041
44735913
44735804
44334229
44800471
44850459
44859176
44835561
44795224
44836150
43589290
44842149
44859155
44859150
44853677
44853683
43900496
44859096
44859092
44475950
44771808
44788867
44662846
44859038
44377513
44859031
43824974
44649464
44607998
44144874
44859000
44732023
44744435
44384023
43469769
44630459
39340300
44529405
36798283
44858929
44111525
44858894
44858896
44780555
42556190
43381060
44813437
44106803
44825197
44330836
44858835
44770279
44750679
42423444
27304138
44782697
44858798
40790304
44829813
44856464
37273533
44429762
44858751
42063224
44393301
44699228
42099307
44524549
44858720
44844704
44848381
44741146
44741305
44858693
44858684
26350749
44587208
44728889
27839878
39287454
44858601
44669553
44858576
44829529
44771400
44630776
44016221
44820662
44784938
44631090
44425447
44858519
44468270
44858476
44794634
41786390
44481933
42380549
44841091
44789474
44687110
44639904
44858404
44831960
44639253
44815518
43636186
44530556
44774103
44739397
44858288
44858257
23715840
15159726
44721388
44794862
44714166
44585936
43958985
44829225
44853753
41685836
44705407
44635166
43462733
44779957
44469071
44514771
43881754
44831047
44858042
44858038
42117736
44482764
44478794
31216477
44749088
44775033
44822806
44810347
44746725
43900182
44346372
44570082
44846387
44850785
44640858
44850380
44826104
44532175
44857964
44775155
44857854
44849976
44857843
44662383
44845448
44857800
44857760
44857745
44857679
44857670
39331803
44857636
44734051
44724426
44857578
44857576
44857555
44857508
44064713
44647972
44857461
44857456
44857443
44857441
40437956
44781324
44857354
44733909
44846099
44828299
44843458
43090988
44857279
43090878
44151071
44758108
44793876
41620210
44857161
44843604
44584178
44856401
44149008
43420864
44695445
44844206
44675821
39469934
44020144
44731074
44699395
44417249
43965167
44838000
44850612
44856838
44662138
44856830
44823001
42896927
44735429
44856771
44700898
44827827
44732228
44732170
44856739
44723571
44834328
44836836
44856688
40000936
44856610
44508184
44836606
44566503
44775265
44856513
44856475
44559886
44856451
44715937
44161489
44807489
44856412
44656141
44081127
44791123
43506713
38856889
44856349
44436246
44673348
44813762
44856299
44856272
44473996
44856194
44856139
44604207
35687442
44099144
44856036
42205595
44681164
44851187
44855919
44355175
41086783
44855866
44635451
44843758
44744810
44855844
43481330
44729046
44655150
44855828
44855810
44347974
43685056
44624116
44855777
44830449
44734867
44855737
44849045
44855711
44855700
44855699
44829942
41047413
44613518
44613599
44161331
44673822
44824342
40975009
44795212
43506312
43867611
44766802
44543203
43944715
44411596
44855511
44855503
44855500
44855487
44725261
44855028
44601468
44430396
42363610
44772182
44746853
44818388
44838788
44562627
44855354
44855352
44817189
44855341
44855336
44855328
44855323
44087107
42131546
44773284
44733497
43515597
44855298
44855280
30355163
42337120
44855260
44855217
44855206
44855194
44680137
44580230
44855160
44855155
44485179
44855121
44855120
43965867
42680175
44401839
43477471
44855048
44799754
44855044
43412237
44855016
44855013
44855012
42500064
44854921
44854970
39244866
44517616
44752612
44365429
42240486
44365293
44854881
42659661
44114978
44854852
44854826
44854799
42833431
44772621
44854795
44770101
44311843
44833237
44105224
44854721
44854720
44854689
43425466
44838880
43425439
44854653
44854631
44662141
44854619
38009037
44854579
44852511
44720782
44854547
44355533
37679105
44784877
44811866
44854503
44831463
44854493
44854489
31786320
44830047
44745247
44695909
44452024
44840087
44842485
44854449
44854445
44751234
43757478
43471249
44096949
44603940
44854421
44190307
44784320
44854403
44839886
44854396
44854385
44854384
35339611
24939653
44082491
44518411
44826896
44815181
44522593
44522629
44835342
43615462
42142005
43825541
43926344
44854291
44854280
44785282
44854265
43707319
44712205
44712666
44854212
43397336
44854207
44602494
44655034
44500128
44770985
41441765
44854170
44854165
44833142
44381986
44850087
42904814
44854139
44842745
44714002
44584962
43592602
44085270
44842643
31335218
44854081
44854048
44854045
44854044
44815234
44639782
44853963
44472750
38101181
44825207
44842891
41385353
44773432
44853943
44853905
44520544
39545850
44411541
44565723
44841914
44824981
44853860
44524537
44737125
44635630
42883955
44317209
44760111
44734398
44709786
44853225
44853827
44272562
44230245
44836838
44853808
44498360
44749397
44694433
43407609
44824449
44853535
44181647
44579197
44853727
44749405
44853695
44812298
44827590
44761945
44853657
44840298
44042393
44047869
44812103
44750510
44830972
44652622
44413605
44853616
44836946
44829135
44853591
44836496
40478066
44550869
44691743
44853539
41737630
44853524
44853523
44697545
44254139
44853493
44853421
44479047
44344692
44853362
44853329
44853317
41235206
44853280
44853243
44853216
44853213
44226195
44860757
44797531
44860737
44761255
44860734
44860732
44855306
44834761
44252700
44860622
44860623
44414049
44860615
44860613
44860600
44860595
44860588
44860579
40183484
44860533
44770056
44860492
44822313
44454119
44860474
42860864
44836854
42946358
44860417
44805136
44828519
42486180
44798294
44626834
44860316
44860317
39353271
42769431
44860257
44084642
44854571
43941971
44860231
44860227
44468914
43570185
44860164
44860150
38156408
44710255
44720372
44860119
44860114
43451822
43996709
44437810
44146204
44723983
43445975
44784318
35690616
44860006
43590692
42163181
44859979
44811393
42376686
44859931
44851627
42797565
38646857
44859885
43852596
43923568
44859841
44548170
44857464
44277479
44859827
44859808
43712154
40607726
43871122
44859757
43676584
43693233
44859131
44855319
44777003
44859700
40625725
43606410
40336336
43850259
44830738
44724216
44859597
44833629
44856109
44859570
44859560
44800638
44789889
44750242
44859534
43572942
44495253
43952624
44859510
43584233
44814018
44859480
44859479
40046153
43883464
44859455
44244515
44679316
44668336
44659361
44859418
44689868
44678335
44859409
44681705
44761686
44742384
44597135
44859328
44677016
44610458
43879715
44859307
44859305
44768732
44811528
44303171
44383138
44812610
37303032
44825922
44833742
44641088
